MOTIF 1-ATCATCATCATYA STREME-1
letter-probability matrix: alength= 4 w= 13 nsites= 900 E= 7.9e-003
 0.780463 0.022124 0.138297 0.059116
 0.037575 0.042680 0.003699 0.916046
 0.013113 0.953646 0.000090 0.033150
 0.845384 0.003183 0.139934 0.011500
 0.045557 0.151039 0.000090 0.803314
 0.000133 0.857833 0.004735 0.137298
 0.977785 0.000090 0.021992 0.000133
 0.020933 0.310884 0.005390 0.662793
 0.000133 0.997774 0.000090 0.002003
 0.804910 0.000090 0.164095 0.030906
 0.099819 0.104341 0.000090 0.795750
 0.023017 0.543890 0.136929 0.296164
 0.777235 0.100659 0.108668 0.013439

MOTIF 2-AAAAAAAAAAGC STREME-2
letter-probability matrix: alength= 4 w= 12 nsites= 2536 E= 9.6e-003
 0.994335 0.001345 0.003353 0.000967
 0.982350 0.005486 0.011516 0.000648
 0.929302 0.024411 0.006613 0.039675
 0.894296 0.028504 0.007470 0.069731
 0.905760 0.006339 0.012888 0.075013
 0.865942 0.009023 0.009873 0.115162
 0.945329 0.008039 0.006677 0.039955
 0.841353 0.039208 0.048939 0.070499
 0.917773 0.012715 0.013311 0.056201
 0.912686 0.074784 0.001475 0.011055
 0.050302 0.071741 0.800291 0.077666
 0.028368 0.886788 0.054051 0.030793

MOTIF 3-AGGCTGCCA STREME-3
letter-probability matrix: alength= 4 w= 9 nsites= 1970 E= 1.2e-002
 0.913664 0.084994 0.000541 0.000800
 0.000800 0.001045 0.997354 0.000800
 0.009273 0.000541 0.904475 0.085711
 0.033238 0.871971 0.000541 0.094249
 0.089291 0.002518 0.040426 0.867764
 0.010127 0.000541 0.988532 0.000800
 0.095593 0.821469 0.000541 0.082397
 0.000800 0.807410 0.001388 0.190401
 0.901951 0.000541 0.046568 0.050939

MOTIF 4-AGAGAGAGAGAGAGAV STREME-4
letter-probability matrix: alength= 4 w= 16 nsites= 712 E= 1.3e-002
 0.997988 0.000578 0.000578 0.000855
 0.014529 0.000578 0.984037 0.000855
 0.825169 0.024628 0.149348 0.000855
 0.000855 0.000578 0.937871 0.060696
 0.927828 0.000578 0.070739 0.000855
 0.000855 0.000578 0.997711 0.000855
 0.917342 0.027078 0.000578 0.055002
 0.000855 0.000578 0.997711 0.000855
 0.989740 0.000578 0.008826 0.000855
 0.000855 0.000578 0.997711 0.000855
 0.892299 0.060202 0.046643 0.000855
 0.000855 0.044687 0.953602 0.000855
 0.912393 0.000578 0.000578 0.086451
 0.000855 0.035195 0.963094 0.000855
 0.739404 0.190997 0.064892 0.004707
 0.262457 0.311016 0.425672 0.000855

MOTIF 5-CATGTTDAT STREME-5
letter-probability matrix: alength= 4 w= 9 nsites= 1419 E= 2.7e-002
 0.001828 0.995108 0.001236 0.001828
 0.985034 0.001236 0.011902 0.001828
 0.001828 0.044407 0.001236 0.952530
 0.001828 0.001236 0.995108 0.001828
 0.119501 0.001236 0.001236 0.878027
 0.001828 0.001236 0.001236 0.995700
 0.294432 0.001236 0.268300 0.436031
 0.995700 0.001236 0.001236 0.001828
 0.001828 0.001236 0.001236 0.995700

MOTIF 6-AATGCAA STREME-6
letter-probability matrix: alength= 4 w= 7 nsites= 6389 E= 5.9e-002
 0.936209 0.018336 0.018336 0.027118
 0.936209 0.018336 0.018336 0.027118
 0.027118 0.018336 0.018336 0.936209
 0.027118 0.018336 0.927427 0.027118
 0.027118 0.927427 0.018336 0.027118
 0.936209 0.018336 0.018336 0.027118
 0.936209 0.018336 0.018336 0.027118

MOTIF 7-CATWATG STREME-7
letter-probability matrix: alength= 4 w= 7 nsites= 2977 E= 1.8e-001
 0.027118 0.927427 0.018336 0.027118
 0.936209 0.018336 0.018336 0.027118
 0.027118 0.018336 0.018336 0.936209
 0.481664 0.018336 0.018336 0.481664
 0.936209 0.018336 0.018336 0.027118
 0.027118 0.018336 0.018336 0.936209
 0.027118 0.018336 0.927427 0.027118

MOTIF 8-CKTTCAGA STREME-8
letter-probability matrix: alength= 4 w= 8 nsites= 1963 E= 2.4e-001
 0.001667 0.995539 0.001127 0.001667
 0.001667 0.001127 0.479300 0.517906
 0.067383 0.001127 0.001127 0.930363
 0.001667 0.001127 0.001127 0.996079
 0.001667 0.995539 0.001127 0.001667
 0.933382 0.058025 0.006926 0.001667
 0.001667 0.001127 0.995539 0.001667
 0.996079 0.001127 0.001127 0.001667

MOTIF 9-ATAATGGCY STREME-9
letter-probability matrix: alength= 4 w= 9 nsites= 1659 E= 3.1e-001
 0.608206 0.000331 0.137667 0.253797
 0.000489 0.000331 0.000331 0.998850
 0.998850 0.000331 0.000331 0.000489
 0.998850 0.000331 0.000331 0.000489
 0.000489 0.095687 0.000331 0.903494
 0.000489 0.000331 0.998692 0.000489
 0.000489 0.000331 0.998692 0.000489
 0.000489 0.762812 0.176869 0.059830
 0.000489 0.561453 0.000331 0.437727

MOTIF 10-AAAGCCTG STREME-10
letter-probability matrix: alength= 4 w= 8 nsites= 3159 E= 3.5e-001
 0.897833 0.011600 0.058182 0.032386
 0.768787 0.010193 0.060820 0.160200
 0.846688 0.011064 0.014815 0.127432
 0.001147 0.000776 0.996930 0.001147
 0.032825 0.965252 0.000776 0.001147
 0.001147 0.912321 0.050574 0.035958
 0.001147 0.014725 0.000776 0.983352
 0.009626 0.000776 0.988451 0.001147

MOTIF 11-AGGGAGGGWGG STREME-11
letter-probability matrix: alength= 4 w= 11 nsites= 913 E= 4.1e-001
 0.840779 0.000275 0.000275 0.158671
 0.000407 0.000275 0.998910 0.000407
 0.000407 0.000275 0.998910 0.000407
 0.000407 0.090033 0.909153 0.000407
 0.919484 0.034367 0.000275 0.045873
 0.000407 0.006023 0.952892 0.040677
 0.000407 0.000275 0.998910 0.000407
 0.000407 0.062268 0.936918 0.000407
 0.373117 0.162313 0.000275 0.464295
 0.000407 0.000275 0.998910 0.000407
 0.049017 0.000275 0.863735 0.086973

MOTIF 12-GCACCGGTTCTMTAGAAC STREME-12
letter-probability matrix: alength= 4 w= 18 nsites= 868 E= 5.0e-001
 0.089540 0.186673 0.683600 0.040187
 0.054511 0.545438 0.157803 0.242248
 0.944939 0.022197 0.006632 0.026232
 0.006722 0.951469 0.006632 0.035177
 0.013167 0.900551 0.019522 0.066760
 0.080008 0.006632 0.878184 0.035176
 0.064595 0.025967 0.909160 0.000277
 0.006722 0.018426 0.000188 0.974664
 0.013167 0.015752 0.000188 0.970894
 0.013167 0.903682 0.025966 0.057185
 0.087336 0.019522 0.165446 0.727697
 0.548708 0.282006 0.116195 0.053091
 0.165009 0.079543 0.077526 0.677922
 0.915565 0.045301 0.019522 0.019612
 0.049688 0.019522 0.911178 0.019612
 0.954234 0.006632 0.019522 0.019612
 0.973569 0.000188 0.006632 0.019612
 0.015841 0.928494 0.025967 0.029698

MOTIF 13-AATGACA STREME-13
letter-probability matrix: alength= 4 w= 7 nsites= 3606 E= 5.0e-001
 0.936209 0.018336 0.018336 0.027118
 0.936209 0.018336 0.018336 0.027118
 0.027118 0.018336 0.018336 0.936209
 0.027118 0.018336 0.927427 0.027118
 0.936209 0.018336 0.018336 0.027118
 0.027118 0.927427 0.018336 0.027118
 0.936209 0.018336 0.018336 0.027118

MOTIF 14-CATGAAAGC STREME-14
letter-probability matrix: alength= 4 w= 9 nsites= 3829 E= 5.9e-001
 0.057650 0.874849 0.034590 0.032911
 0.765371 0.036552 0.111389 0.086688
 0.008995 0.087573 0.026126 0.877305
 0.011725 0.087270 0.868869 0.032136
 0.842374 0.038093 0.046876 0.072656
 0.907016 0.040709 0.015168 0.037108
 0.800627 0.171569 0.011706 0.016098
 0.043782 0.026050 0.900972 0.029196
 0.020100 0.896383 0.015450 0.068066

MOTIF 15-AAACAAACAAAGCTGG STREME-15
letter-probability matrix: alength= 4 w= 16 nsites= 647 E= 5.9e-001
 0.836160 0.052856 0.063853 0.047131
 0.877116 0.042357 0.031704 0.048823
 0.835247 0.049640 0.047516 0.067597
 0.062005 0.763856 0.078113 0.096025
 0.884393 0.047607 0.014274 0.053727
 0.878535 0.027300 0.044733 0.049431
 0.866461 0.024427 0.057416 0.051696
 0.052194 0.818841 0.061867 0.067099
 0.898953 0.044388 0.020020 0.036639
 0.835159 0.050480 0.066726 0.047635
 0.878626 0.026458 0.061821 0.033095
 0.110926 0.095305 0.686836 0.106932
 0.119733 0.734340 0.071975 0.073952
 0.075798 0.023575 0.018335 0.882293
 0.121444 0.021208 0.759244 0.098104
 0.123497 0.064243 0.704208 0.108053

MOTIF 16-ACCATTA STREME-16
letter-probability matrix: alength= 4 w= 7 nsites= 2652 E= 6.6e-001
 0.936209 0.018336 0.018336 0.027118
 0.027118 0.927427 0.018336 0.027118
 0.027118 0.927427 0.018336 0.027118
 0.936209 0.018336 0.018336 0.027118
 0.027118 0.018336 0.018336 0.936209
 0.027118 0.018336 0.018336 0.936209
 0.936209 0.018336 0.018336 0.027118

MOTIF 17-ATAGGCATGTTT STREME-17
letter-probability matrix: alength= 4 w= 12 nsites= 331 E= 8.0e-001
 0.898209 0.002410 0.087421 0.011960
 0.031319 0.000902 0.000172 0.967607
 0.965018 0.017898 0.000338 0.016747
 0.010807 0.002624 0.986315 0.000254
 0.030059 0.089765 0.809926 0.070250
 0.000403 0.910318 0.021747 0.067533
 0.908127 0.036626 0.006080 0.049166
 0.012647 0.050463 0.061195 0.875695
 0.010418 0.077645 0.889207 0.022730
 0.148712 0.054179 0.052319 0.744790
 0.230118 0.027002 0.076730 0.666151
 0.055955 0.081733 0.187966 0.674345

MOTIF 18-ATGGCTATAAT STREME-18
letter-probability matrix: alength= 4 w= 11 nsites= 514 E= 8.1e-001
 0.999198 0.000230 0.000230 0.000341
 0.000341 0.087130 0.054839 0.857690
 0.000341 0.040576 0.958743 0.000341
 0.044846 0.000230 0.954583 0.000341
 0.000341 0.999088 0.000230 0.000341
 0.000341 0.059568 0.019362 0.920729
 0.946798 0.000230 0.052631 0.000341
 0.100163 0.112118 0.112769 0.674950
 0.948477 0.000230 0.050952 0.000341
 0.929735 0.027789 0.042135 0.000341
 0.053601 0.110318 0.000230 0.835851

MOTIF 19-AACGGAGCTGT STREME-19
letter-probability matrix: alength= 4 w= 11 nsites= 61 E= 8.5e-001
 0.963095 0.025048 0.000708 0.011149
 0.941564 0.049391 0.000708 0.008337
 0.001047 0.997197 0.000708 0.001047
 0.001047 0.010809 0.987096 0.001047
 0.001047 0.000708 0.972857 0.025388
 0.924508 0.000708 0.073737 0.001047
 0.171485 0.078435 0.738931 0.011149
 0.049730 0.857631 0.013864 0.078774
 0.025388 0.025048 0.000708 0.948856
 0.005735 0.000708 0.992509 0.001047
 0.068988 0.158447 0.000708 0.771857

MOTIF 20-CCTGCTTT STREME-20
letter-probability matrix: alength= 4 w= 8 nsites= 4162 E= 8.5e-001
 0.000998 0.997328 0.000675 0.000998
 0.296820 0.701507 0.000675 0.000998
 0.000998 0.000675 0.134100 0.864227
 0.000998 0.000675 0.997328 0.000998
 0.000998 0.997328 0.000675 0.000998
 0.147494 0.000675 0.041449 0.810382
 0.251841 0.000675 0.000675 0.746809
 0.000998 0.000675 0.000675 0.997651

MOTIF 21-CTTTCCC STREME-21
letter-probability matrix: alength= 4 w= 7 nsites= 3535 E= 8.6e-001
 0.027118 0.927427 0.018336 0.027118
 0.027118 0.018336 0.018336 0.936209
 0.027118 0.018336 0.018336 0.936209
 0.027118 0.018336 0.018336 0.936209
 0.027118 0.927427 0.018336 0.027118
 0.027118 0.927427 0.018336 0.027118
 0.027118 0.927427 0.018336 0.027118

MOTIF 22-AGCACAG STREME-22
letter-probability matrix: alength= 4 w= 7 nsites= 7016 E= 1.0e+000
 0.936209 0.018336 0.018336 0.027118
 0.027118 0.018336 0.927427 0.027118
 0.027118 0.927427 0.018336 0.027118
 0.936209 0.018336 0.018336 0.027118
 0.027118 0.927427 0.018336 0.027118
 0.936209 0.018336 0.018336 0.027118
 0.027118 0.018336 0.927427 0.027118

MOTIF 23-AGCAGCATC STREME-23
letter-probability matrix: alength= 4 w= 9 nsites= 2159 E= 1.1e+000
 0.903111 0.022388 0.073817 0.000685
 0.000685 0.000463 0.998168 0.000685
 0.000685 0.918057 0.054749 0.026509
 0.940723 0.058129 0.000463 0.000685
 0.047666 0.000463 0.951187 0.000685
 0.000685 0.998168 0.000463 0.000685
 0.900179 0.000463 0.098673 0.000685
 0.173810 0.032629 0.179748 0.613812
 0.000685 0.761756 0.122169 0.115391

MOTIF 24-ATAAGGATG STREME-24
letter-probability matrix: alength= 4 w= 9 nsites= 289 E= 1.3e+000
 0.936209 0.018336 0.018336 0.027118
 0.027118 0.018336 0.018336 0.936209
 0.936209 0.018336 0.018336 0.027118
 0.936209 0.018336 0.018336 0.027118
 0.027118 0.018336 0.927427 0.027118
 0.027118 0.018336 0.927427 0.027118
 0.936209 0.018336 0.018336 0.027118
 0.027118 0.018336 0.018336 0.936209
 0.027118 0.018336 0.927427 0.027118