PRDM9-A
A:   0.206   0.696   0.003   0.447   0.395   0.142   0.539   0.922   0.058   0.096   0.088   0.098   0.539   0.922   0.058   0.539   0.922   0.058   0.539   0.922   0.058   0.539   0.922   0.058   0.096   0.088   0.098   0.573   0.480   0.009   0.031   0.123   0.030   0.638   0.804   0.818 
C:   0.088   0.093   0.023   0.107   0.225   0.180   0.114   0.010   0.197   0.021   0.090   0.560   0.114   0.010   0.197   0.114   0.010   0.197   0.114   0.010   0.197   0.114   0.010   0.197   0.021   0.090   0.560   0.082   0.125   0.008   0.002   0.501   0.196   0.175   0.057   0.062 
G:   0.379   0.182   0.933   0.133   0.191   0.247   0.104   0.051   0.176   0.842   0.740   0.114   0.104   0.051   0.176   0.104   0.051   0.176   0.104   0.051   0.176   0.104   0.051   0.176   0.842   0.740   0.114   0.178   0.075   0.963   0.950   0.046   0.022   0.061   0.082   0.048 
T:   0.326   0.029   0.041   0.314   0.189   0.431   0.244   0.018   0.569   0.040   0.082   0.227   0.244   0.018   0.569   0.244   0.018   0.569   0.244   0.018   0.569   0.244   0.018   0.569   0.040   0.082   0.227   0.167   0.320   0.019   0.018   0.329   0.752   0.126   0.057   0.072 
PRDM9-B
A:   0.206   0.696   0.003   0.812   0.034   0.021   0.638   0.804   0.818   0.771   0.048   0.060   0.521   0.265   0.279   0.521   0.265   0.279   0.031   0.123   0.030   0.361   0.803   0.010   0.447   0.395   0.142   0.539   0.922   0.058   0.096   0.088   0.098   0.539   0.922   0.058   0.539   0.922   0.058   0.539   0.922   0.058   0.539   0.922   0.058   0.096   0.088   0.098   0.573   0.480   0.009   0.031   0.123   0.030   0.638   0.804   0.818 
C:   0.088   0.093   0.023   0.014   0.910   0.617   0.175   0.057   0.062   0.063   0.840   0.303   0.131   0.272   0.183   0.131   0.272   0.183   0.002   0.501   0.196   0.103   0.007   0.008   0.107   0.225   0.180   0.114   0.010   0.197   0.021   0.090   0.560   0.114   0.010   0.197   0.114   0.010   0.197   0.114   0.010   0.197   0.114   0.010   0.197   0.021   0.090   0.560   0.082   0.125   0.008   0.002   0.501   0.196   0.175   0.057   0.062 
G:   0.379   0.182   0.933   0.138   0.029   0.161   0.061   0.082   0.048   0.086   0.068   0.254   0.148   0.227   0.229   0.148   0.227   0.229   0.950   0.046   0.022   0.057   0.179   0.928   0.133   0.191   0.247   0.104   0.051   0.176   0.842   0.740   0.114   0.104   0.051   0.176   0.104   0.051   0.176   0.104   0.051   0.176   0.104   0.051   0.176   0.842   0.740   0.114   0.178   0.075   0.963   0.950   0.046   0.022   0.061   0.082   0.048 
T:   0.326   0.029   0.041   0.035   0.028   0.200   0.126   0.057   0.072   0.080   0.044   0.383   0.201   0.237   0.309   0.201   0.237   0.309   0.018   0.329   0.752   0.480   0.012   0.054   0.314   0.189   0.431   0.244   0.018   0.569   0.040   0.082   0.227   0.244   0.018   0.569   0.244   0.018   0.569   0.244   0.018   0.569   0.244   0.018   0.569   0.040   0.082   0.227   0.167   0.320   0.019   0.018   0.329   0.752   0.126   0.057   0.072 
PRDM9-C
A:   0.206   0.696   0.003   0.638   0.804   0.818   0.771   0.048   0.060   0.521   0.265   0.279   0.521   0.265   0.279   0.031   0.123   0.030   0.361   0.803   0.010   0.447   0.395   0.142   0.539   0.922   0.058   0.096   0.088   0.098   0.539   0.922   0.058   0.539   0.922   0.058   0.539   0.922   0.058   0.539   0.922   0.058   0.096   0.088   0.098   0.573   0.480   0.009   0.031   0.123   0.030   0.638   0.804   0.818 
C:   0.088   0.093   0.023   0.175   0.057   0.062   0.063   0.840   0.303   0.131   0.272   0.183   0.131   0.272   0.183   0.002   0.501   0.196   0.103   0.007   0.008   0.107   0.225   0.180   0.114   0.010   0.197   0.021   0.090   0.560   0.114   0.010   0.197   0.114   0.010   0.197   0.114   0.010   0.197   0.114   0.010   0.197   0.021   0.090   0.560   0.082   0.125   0.008   0.002   0.501   0.196   0.175   0.057   0.062 
G:   0.379   0.182   0.933   0.061   0.082   0.048   0.086   0.068   0.254   0.148   0.227   0.229   0.148   0.227   0.229   0.950   0.046   0.022   0.057   0.179   0.928   0.133   0.191   0.247   0.104   0.051   0.176   0.842   0.740   0.114   0.104   0.051   0.176   0.104   0.051   0.176   0.104   0.051   0.176   0.104   0.051   0.176   0.842   0.740   0.114   0.178   0.075   0.963   0.950   0.046   0.022   0.061   0.082   0.048 
T:   0.326   0.029   0.041   0.126   0.057   0.072   0.080   0.044   0.383   0.201   0.237   0.309   0.201   0.237   0.309   0.018   0.329   0.752   0.480   0.012   0.054   0.314   0.189   0.431   0.244   0.018   0.569   0.040   0.082   0.227   0.244   0.018   0.569   0.244   0.018   0.569   0.244   0.018   0.569   0.244   0.018   0.569   0.040   0.082   0.227   0.167   0.320   0.019   0.018   0.329   0.752   0.126   0.057   0.072 
PRDM9-D
A:   0.361   0.803   0.010   0.812   0.034   0.021   0.638   0.804   0.818   0.771   0.048   0.060   0.521   0.265   0.279   0.521   0.265   0.279   0.361   0.803   0.010   0.447   0.395   0.142   0.539   0.922   0.058   0.096   0.088   0.098   0.539   0.922   0.058   0.539   0.922   0.058   0.539   0.922   0.058   0.539   0.922   0.058   0.096   0.088   0.098   0.573   0.480   0.009   0.031   0.123   0.030   0.638   0.804   0.818 
C:   0.103   0.007   0.008   0.014   0.910   0.617   0.175   0.057   0.062   0.063   0.840   0.303   0.131   0.272   0.183   0.131   0.272   0.183   0.103   0.007   0.008   0.107   0.225   0.180   0.114   0.010   0.197   0.021   0.090   0.560   0.114   0.010   0.197   0.114   0.010   0.197   0.114   0.010   0.197   0.114   0.010   0.197   0.021   0.090   0.560   0.082   0.125   0.008   0.002   0.501   0.196   0.175   0.057   0.062 
G:   0.057   0.179   0.928   0.138   0.029   0.161   0.061   0.082   0.048   0.086   0.068   0.254   0.148   0.227   0.229   0.148   0.227   0.229   0.057   0.179   0.928   0.133   0.191   0.247   0.104   0.051   0.176   0.842   0.740   0.114   0.104   0.051   0.176   0.104   0.051   0.176   0.104   0.051   0.176   0.104   0.051   0.176   0.842   0.740   0.114   0.178   0.075   0.963   0.950   0.046   0.022   0.061   0.082   0.048 
T:   0.480   0.012   0.054   0.035   0.028   0.200   0.126   0.057   0.072   0.080   0.044   0.383   0.201   0.237   0.309   0.201   0.237   0.309   0.480   0.012   0.054   0.314   0.189   0.431   0.244   0.018   0.569   0.040   0.082   0.227   0.244   0.018   0.569   0.244   0.018   0.569   0.244   0.018   0.569   0.244   0.018   0.569   0.040   0.082   0.227   0.167   0.320   0.019   0.018   0.329   0.752   0.126   0.057   0.072 
PRDM9-E
A:   0.206   0.696   0.003   0.812   0.034   0.021   0.638   0.804   0.818   0.771   0.048   0.060   0.521   0.265   0.279   0.361   0.803   0.010   0.447   0.395   0.142   0.539   0.922   0.058   0.096   0.088   0.098   0.539   0.922   0.058   0.539   0.922   0.058   0.539   0.922   0.058   0.539   0.922   0.058   0.096   0.088   0.098   0.573   0.480   0.009   0.031   0.123   0.030   0.638   0.804   0.818 
C:   0.088   0.093   0.023   0.014   0.910   0.617   0.175   0.057   0.062   0.063   0.840   0.303   0.131   0.272   0.183   0.103   0.007   0.008   0.107   0.225   0.180   0.114   0.010   0.197   0.021   0.090   0.560   0.114   0.010   0.197   0.114   0.010   0.197   0.114   0.010   0.197   0.114   0.010   0.197   0.021   0.090   0.560   0.082   0.125   0.008   0.002   0.501   0.196   0.175   0.057   0.062 
G:   0.379   0.182   0.933   0.138   0.029   0.161   0.061   0.082   0.048   0.086   0.068   0.254   0.148   0.227   0.229   0.057   0.179   0.928   0.133   0.191   0.247   0.104   0.051   0.176   0.842   0.740   0.114   0.104   0.051   0.176   0.104   0.051   0.176   0.104   0.051   0.176   0.104   0.051   0.176   0.842   0.740   0.114   0.178   0.075   0.963   0.950   0.046   0.022   0.061   0.082   0.048 
T:   0.326   0.029   0.041   0.035   0.028   0.200   0.126   0.057   0.072   0.080   0.044   0.383   0.201   0.237   0.309   0.480   0.012   0.054   0.314   0.189   0.431   0.244   0.018   0.569   0.040   0.082   0.227   0.244   0.018   0.569   0.244   0.018   0.569   0.244   0.018   0.569   0.244   0.018   0.569   0.040   0.082   0.227   0.167   0.320   0.019   0.018   0.329   0.752   0.126   0.057   0.072 
PRDM9-F
A:   0.206   0.696   0.003   0.812   0.034   0.021   0.600   0.228   0.649   0.638   0.804   0.818   0.771   0.048   0.060   0.521   0.265   0.279   0.521   0.265   0.279   0.031   0.123   0.030   0.361   0.803   0.010   0.447   0.395   0.142   0.539   0.922   0.058   0.096   0.088   0.098   0.539   0.922   0.058   0.539   0.922   0.058   0.539   0.922   0.058   0.539   0.922   0.058   0.096   0.088   0.098   0.063   0.053   0.027   0.638   0.804   0.818 
C:   0.088   0.093   0.023   0.014   0.910   0.617   0.155   0.627   0.072   0.175   0.057   0.062   0.063   0.840   0.303   0.131   0.272   0.183   0.131   0.272   0.183   0.002   0.501   0.196   0.103   0.007   0.008   0.107   0.225   0.180   0.114   0.010   0.197   0.021   0.090   0.560   0.114   0.010   0.197   0.114   0.010   0.197   0.114   0.010   0.197   0.114   0.010   0.197   0.021   0.090   0.560   0.012   0.811   0.514   0.175   0.057   0.062 
G:   0.379   0.182   0.933   0.138   0.029   0.161   0.159   0.056   0.056   0.061   0.082   0.048   0.086   0.068   0.254   0.148   0.227   0.229   0.148   0.227   0.229   0.950   0.046   0.022   0.057   0.179   0.928   0.133   0.191   0.247   0.104   0.051   0.176   0.842   0.740   0.114   0.104   0.051   0.176   0.104   0.051   0.176   0.104   0.051   0.176   0.104   0.051   0.176   0.842   0.740   0.114   0.893   0.056   0.027   0.061   0.082   0.048 
T:   0.326   0.029   0.041   0.035   0.028   0.200   0.087   0.089   0.223   0.126   0.057   0.072   0.080   0.044   0.383   0.201   0.237   0.309   0.201   0.237   0.309   0.018   0.329   0.752   0.480   0.012   0.054   0.314   0.189   0.431   0.244   0.018   0.569   0.040   0.082   0.227   0.244   0.018   0.569   0.244   0.018   0.569   0.244   0.018   0.569   0.244   0.018   0.569   0.040   0.082   0.227   0.032   0.080   0.432   0.126   0.057   0.072 
PRDM9-G
A:   0.206   0.696   0.003   0.598   0.215   0.046   0.600   0.228   0.649   0.638   0.804   0.818   0.771   0.048   0.060   0.521   0.265   0.279   0.521   0.265   0.279   0.031   0.123   0.030   0.361   0.803   0.010   0.447   0.395   0.142   0.539   0.922   0.058   0.096   0.088   0.098   0.539   0.922   0.058   0.539   0.922   0.058   0.539   0.922   0.058   0.096   0.088   0.098   0.573   0.480   0.009   0.031   0.123   0.030   0.638   0.804   0.818 
C:   0.088   0.093   0.023   0.081   0.638   0.772   0.155   0.627   0.072   0.175   0.057   0.062   0.063   0.840   0.303   0.131   0.272   0.183   0.131   0.272   0.183   0.002   0.501   0.196   0.103   0.007   0.008   0.107   0.225   0.180   0.114   0.010   0.197   0.021   0.090   0.560   0.114   0.010   0.197   0.114   0.010   0.197   0.114   0.010   0.197   0.021   0.090   0.560   0.082   0.125   0.008   0.002   0.501   0.196   0.175   0.057   0.062 
G:   0.379   0.182   0.933   0.256   0.039   0.046   0.159   0.056   0.056   0.061   0.082   0.048   0.086   0.068   0.254   0.148   0.227   0.229   0.148   0.227   0.229   0.950   0.046   0.022   0.057   0.179   0.928   0.133   0.191   0.247   0.104   0.051   0.176   0.842   0.740   0.114   0.104   0.051   0.176   0.104   0.051   0.176   0.104   0.051   0.176   0.842   0.740   0.114   0.178   0.075   0.963   0.950   0.046   0.022   0.061   0.082   0.048 
T:   0.326   0.029   0.041   0.065   0.109   0.136   0.087   0.089   0.223   0.126   0.057   0.072   0.080   0.044   0.383   0.201   0.237   0.309   0.201   0.237   0.309   0.018   0.329   0.752   0.480   0.012   0.054   0.314   0.189   0.431   0.244   0.018   0.569   0.040   0.082   0.227   0.244   0.018   0.569   0.244   0.018   0.569   0.244   0.018   0.569   0.040   0.082   0.227   0.167   0.320   0.019   0.018   0.329   0.752   0.126   0.057   0.072 
PRDM9-H
A:   0.206   0.696   0.003   0.638   0.804   0.818   0.771   0.048   0.060   0.521   0.265   0.279   0.521   0.265   0.279   0.031   0.123   0.030   0.361   0.803   0.010   0.447   0.395   0.142   0.539   0.922   0.058   0.096   0.088   0.098   0.539   0.922   0.058   0.539   0.922   0.058   0.539   0.922   0.058   0.096   0.088   0.098   0.573   0.480   0.009   0.031   0.123   0.030   0.638   0.804   0.818 
C:   0.088   0.093   0.023   0.175   0.057   0.062   0.063   0.840   0.303   0.131   0.272   0.183   0.131   0.272   0.183   0.002   0.501   0.196   0.103   0.007   0.008   0.107   0.225   0.180   0.114   0.010   0.197   0.021   0.090   0.560   0.114   0.010   0.197   0.114   0.010   0.197   0.114   0.010   0.197   0.021   0.090   0.560   0.082   0.125   0.008   0.002   0.501   0.196   0.175   0.057   0.062 
G:   0.379   0.182   0.933   0.061   0.082   0.048   0.086   0.068   0.254   0.148   0.227   0.229   0.148   0.227   0.229   0.950   0.046   0.022   0.057   0.179   0.928   0.133   0.191   0.247   0.104   0.051   0.176   0.842   0.740   0.114   0.104   0.051   0.176   0.104   0.051   0.176   0.104   0.051   0.176   0.842   0.740   0.114   0.178   0.075   0.963   0.950   0.046   0.022   0.061   0.082   0.048 
T:   0.326   0.029   0.041   0.126   0.057   0.072   0.080   0.044   0.383   0.201   0.237   0.309   0.201   0.237   0.309   0.018   0.329   0.752   0.480   0.012   0.054   0.314   0.189   0.431   0.244   0.018   0.569   0.040   0.082   0.227   0.244   0.018   0.569   0.244   0.018   0.569   0.244   0.018   0.569   0.040   0.082   0.227   0.167   0.320   0.019   0.018   0.329   0.752   0.126   0.057   0.072 
PRDM9-I
A:   0.361   0.803   0.010   0.812   0.034   0.021   0.600   0.228   0.649   0.600   0.228   0.649   0.638   0.804   0.818   0.771   0.048   0.060   0.521   0.265   0.279   0.771   0.048   0.060   0.521   0.265   0.279   0.031   0.123   0.030   0.361   0.803   0.010   0.447   0.395   0.142   0.539   0.922   0.058   0.539   0.922   0.058   0.096   0.088   0.098   0.600   0.228   0.649   0.096   0.088   0.098   0.447   0.395   0.142   0.638   0.804   0.818 
C:   0.103   0.007   0.008   0.014   0.910   0.617   0.155   0.627   0.072   0.155   0.627   0.072   0.175   0.057   0.062   0.063   0.840   0.303   0.131   0.272   0.183   0.063   0.840   0.303   0.131   0.272   0.183   0.002   0.501   0.196   0.103   0.007   0.008   0.107   0.225   0.180   0.114   0.010   0.197   0.114   0.010   0.197   0.021   0.090   0.560   0.155   0.627   0.072   0.021   0.090   0.560   0.107   0.225   0.180   0.175   0.057   0.062 
G:   0.057   0.179   0.928   0.138   0.029   0.161   0.159   0.056   0.056   0.159   0.056   0.056   0.061   0.082   0.048   0.086   0.068   0.254   0.148   0.227   0.229   0.086   0.068   0.254   0.148   0.227   0.229   0.950   0.046   0.022   0.057   0.179   0.928   0.133   0.191   0.247   0.104   0.051   0.176   0.104   0.051   0.176   0.842   0.740   0.114   0.159   0.056   0.056   0.842   0.740   0.114   0.133   0.191   0.247   0.061   0.082   0.048 
T:   0.480   0.012   0.054   0.035   0.028   0.200   0.087   0.089   0.223   0.087   0.089   0.223   0.126   0.057   0.072   0.080   0.044   0.383   0.201   0.237   0.309   0.080   0.044   0.383   0.201   0.237   0.309   0.018   0.329   0.752   0.480   0.012   0.054   0.314   0.189   0.431   0.244   0.018   0.569   0.244   0.018   0.569   0.040   0.082   0.227   0.087   0.089   0.223   0.040   0.082   0.227   0.314   0.189   0.431   0.126   0.057   0.072 
PRDM9-J
A:   0.638   0.804   0.818   0.361   0.803   0.010   0.691   0.226   0.775   0.361   0.803   0.010   0.135   0.115   0.555   0.573   0.480   0.009   0.573   0.480   0.009   0.573   0.480   0.009   0.573   0.480   0.009   0.573   0.480   0.009   0.135   0.115   0.555   0.573   0.480   0.009   0.361   0.803   0.010   0.135   0.115   0.555   0.812   0.034   0.021   0.573   0.480   0.009   0.672   0.192   0.903 
C:   0.175   0.057   0.062   0.103   0.007   0.008   0.134   0.589   0.086   0.103   0.007   0.008   0.015   0.093   0.142   0.082   0.125   0.008   0.082   0.125   0.008   0.082   0.125   0.008   0.082   0.125   0.008   0.082   0.125   0.008   0.015   0.093   0.142   0.082   0.125   0.008   0.103   0.007   0.008   0.015   0.093   0.142   0.014   0.910   0.617   0.082   0.125   0.008   0.139   0.660   0.032 
G:   0.061   0.082   0.048   0.057   0.179   0.928   0.145   0.051   0.048   0.057   0.179   0.928   0.808   0.749   0.111   0.178   0.075   0.963   0.178   0.075   0.963   0.178   0.075   0.963   0.178   0.075   0.963   0.178   0.075   0.963   0.808   0.749   0.111   0.178   0.075   0.963   0.057   0.179   0.928   0.808   0.749   0.111   0.138   0.029   0.161   0.178   0.075   0.963   0.162   0.034   0.035 
T:   0.126   0.057   0.072   0.480   0.012   0.054   0.030   0.134   0.091   0.480   0.012   0.054   0.042   0.043   0.192   0.167   0.320   0.019   0.167   0.320   0.019   0.167   0.320   0.019   0.167   0.320   0.019   0.167   0.320   0.019   0.042   0.043   0.192   0.167   0.320   0.019   0.480   0.012   0.054   0.042   0.043   0.192   0.035   0.028   0.200   0.167   0.320   0.019   0.026   0.114   0.030 
PRDM9-K
A:   0.600   0.228   0.649   0.638   0.804   0.818   0.521   0.265   0.279   0.031   0.123   0.030   0.361   0.803   0.010   0.447   0.395   0.142   0.447   0.395   0.142   0.539   0.922   0.058   0.539   0.922   0.058   0.539   0.922   0.058   0.096   0.088   0.098   0.573   0.480   0.009   0.031   0.123   0.030   0.031   0.123   0.030   0.638   0.804   0.818 
C:   0.155   0.627   0.072   0.175   0.057   0.062   0.131   0.272   0.183   0.002   0.501   0.196   0.103   0.007   0.008   0.107   0.225   0.180   0.107   0.225   0.180   0.114   0.010   0.197   0.114   0.010   0.197   0.114   0.010   0.197   0.021   0.090   0.560   0.082   0.125   0.008   0.002   0.501   0.196   0.002   0.501   0.196   0.175   0.057   0.062 
G:   0.159   0.056   0.056   0.061   0.082   0.048   0.148   0.227   0.229   0.950   0.046   0.022   0.057   0.179   0.928   0.133   0.191   0.247   0.133   0.191   0.247   0.104   0.051   0.176   0.104   0.051   0.176   0.104   0.051   0.176   0.842   0.740   0.114   0.178   0.075   0.963   0.950   0.046   0.022   0.950   0.046   0.022   0.061   0.082   0.048 
T:   0.087   0.089   0.223   0.126   0.057   0.072   0.201   0.237   0.309   0.018   0.329   0.752   0.480   0.012   0.054   0.314   0.189   0.431   0.314   0.189   0.431   0.244   0.018   0.569   0.244   0.018   0.569   0.244   0.018   0.569   0.040   0.082   0.227   0.167   0.320   0.019   0.018   0.329   0.752   0.018   0.329   0.752   0.126   0.057   0.072 
PRDM9-L
A:   0.600   0.228   0.649   0.638   0.804   0.818   0.521   0.265   0.279   0.031   0.123   0.030   0.361   0.803   0.010   0.447   0.395   0.142   0.447   0.395   0.142   0.539   0.922   0.058   0.539   0.922   0.058   0.096   0.088   0.098   0.573   0.480   0.009   0.031   0.123   0.030   0.031   0.123   0.030   0.638   0.804   0.818 
C:   0.155   0.627   0.072   0.175   0.057   0.062   0.131   0.272   0.183   0.002   0.501   0.196   0.103   0.007   0.008   0.107   0.225   0.180   0.107   0.225   0.180   0.114   0.010   0.197   0.114   0.010   0.197   0.021   0.090   0.560   0.082   0.125   0.008   0.002   0.501   0.196   0.002   0.501   0.196   0.175   0.057   0.062 
G:   0.159   0.056   0.056   0.061   0.082   0.048   0.148   0.227   0.229   0.950   0.046   0.022   0.057   0.179   0.928   0.133   0.191   0.247   0.133   0.191   0.247   0.104   0.051   0.176   0.104   0.051   0.176   0.842   0.740   0.114   0.178   0.075   0.963   0.950   0.046   0.022   0.950   0.046   0.022   0.061   0.082   0.048 
T:   0.087   0.089   0.223   0.126   0.057   0.072   0.201   0.237   0.309   0.018   0.329   0.752   0.480   0.012   0.054   0.314   0.189   0.431   0.314   0.189   0.431   0.244   0.018   0.569   0.244   0.018   0.569   0.040   0.082   0.227   0.167   0.320   0.019   0.018   0.329   0.752   0.018   0.329   0.752   0.126   0.057   0.072 
PRDM9-M
A:   0.638   0.804   0.818   0.361   0.803   0.010   0.361   0.803   0.010   0.361   0.803   0.010   0.135   0.115   0.555   0.638   0.804   0.818 
C:   0.175   0.057   0.062   0.103   0.007   0.008   0.103   0.007   0.008   0.103   0.007   0.008   0.015   0.093   0.142   0.175   0.057   0.062 
G:   0.061   0.082   0.048   0.057   0.179   0.928   0.057   0.179   0.928   0.057   0.179   0.928   0.808   0.749   0.111   0.061   0.082   0.048 
T:   0.126   0.057   0.072   0.480   0.012   0.054   0.480   0.012   0.054   0.480   0.012   0.054   0.042   0.043   0.192   0.126   0.057   0.072 
PRDM9-N
A:   0.638   0.804   0.818   0.361   0.803   0.010   0.361   0.803   0.010   0.135   0.115   0.555   0.573   0.480   0.009   0.573   0.480   0.009   0.361   0.803   0.010   0.573   0.480   0.009   0.361   0.803   0.010   0.135   0.115   0.555   0.812   0.034   0.021   0.573   0.480   0.009   0.573   0.480   0.009   0.573   0.480   0.009   0.672   0.192   0.903 
C:   0.175   0.057   0.062   0.103   0.007   0.008   0.103   0.007   0.008   0.015   0.093   0.142   0.082   0.125   0.008   0.082   0.125   0.008   0.103   0.007   0.008   0.082   0.125   0.008   0.103   0.007   0.008   0.015   0.093   0.142   0.014   0.910   0.617   0.082   0.125   0.008   0.082   0.125   0.008   0.082   0.125   0.008   0.139   0.660   0.032 
G:   0.061   0.082   0.048   0.057   0.179   0.928   0.057   0.179   0.928   0.808   0.749   0.111   0.178   0.075   0.963   0.178   0.075   0.963   0.057   0.179   0.928   0.178   0.075   0.963   0.057   0.179   0.928   0.808   0.749   0.111   0.138   0.029   0.161   0.178   0.075   0.963   0.178   0.075   0.963   0.178   0.075   0.963   0.162   0.034   0.035 
T:   0.126   0.057   0.072   0.480   0.012   0.054   0.480   0.012   0.054   0.042   0.043   0.192   0.167   0.320   0.019   0.167   0.320   0.019   0.480   0.012   0.054   0.167   0.320   0.019   0.480   0.012   0.054   0.042   0.043   0.192   0.035   0.028   0.200   0.167   0.320   0.019   0.167   0.320   0.019   0.167   0.320   0.019   0.026   0.114   0.030 
PRDM9-O
A:   0.638   0.804   0.818   0.361   0.803   0.010   0.361   0.803   0.010   0.135   0.115   0.555   0.573   0.480   0.009   0.361   0.803   0.010   0.573   0.480   0.009   0.361   0.803   0.010   0.135   0.115   0.555   0.812   0.034   0.021   0.573   0.480   0.009   0.672   0.192   0.903 
C:   0.175   0.057   0.062   0.103   0.007   0.008   0.103   0.007   0.008   0.015   0.093   0.142   0.082   0.125   0.008   0.103   0.007   0.008   0.082   0.125   0.008   0.103   0.007   0.008   0.015   0.093   0.142   0.014   0.910   0.617   0.082   0.125   0.008   0.139   0.660   0.032 
G:   0.061   0.082   0.048   0.057   0.179   0.928   0.057   0.179   0.928   0.808   0.749   0.111   0.178   0.075   0.963   0.057   0.179   0.928   0.178   0.075   0.963   0.057   0.179   0.928   0.808   0.749   0.111   0.138   0.029   0.161   0.178   0.075   0.963   0.162   0.034   0.035 
T:   0.126   0.057   0.072   0.480   0.012   0.054   0.480   0.012   0.054   0.042   0.043   0.192   0.167   0.320   0.019   0.480   0.012   0.054   0.167   0.320   0.019   0.480   0.012   0.054   0.042   0.043   0.192   0.035   0.028   0.200   0.167   0.320   0.019   0.026   0.114   0.030 
PRDM9-P
A:   0.638   0.804   0.818   0.361   0.803   0.010   0.361   0.803   0.010   0.573   0.480   0.009   0.361   0.803   0.010   0.573   0.480   0.009   0.361   0.803   0.010   0.135   0.115   0.555   0.812   0.034   0.021   0.573   0.480   0.009   0.672   0.192   0.903 
C:   0.175   0.057   0.062   0.103   0.007   0.008   0.103   0.007   0.008   0.082   0.125   0.008   0.103   0.007   0.008   0.082   0.125   0.008   0.103   0.007   0.008   0.015   0.093   0.142   0.014   0.910   0.617   0.082   0.125   0.008   0.139   0.660   0.032 
G:   0.061   0.082   0.048   0.057   0.179   0.928   0.057   0.179   0.928   0.178   0.075   0.963   0.057   0.179   0.928   0.178   0.075   0.963   0.057   0.179   0.928   0.808   0.749   0.111   0.138   0.029   0.161   0.178   0.075   0.963   0.162   0.034   0.035 
T:   0.126   0.057   0.072   0.480   0.012   0.054   0.480   0.012   0.054   0.167   0.320   0.019   0.480   0.012   0.054   0.167   0.320   0.019   0.480   0.012   0.054   0.042   0.043   0.192   0.035   0.028   0.200   0.167   0.320   0.019   0.026   0.114   0.030 
PRDM9-Q
A:   0.638   0.804   0.818   0.361   0.803   0.010   0.691   0.226   0.775   0.361   0.803   0.010   0.135   0.115   0.555   0.573   0.480   0.009   0.361   0.803   0.010   0.135   0.115   0.555   0.812   0.034   0.021   0.573   0.480   0.009   0.672   0.192   0.903 
C:   0.175   0.057   0.062   0.103   0.007   0.008   0.134   0.589   0.086   0.103   0.007   0.008   0.015   0.093   0.142   0.082   0.125   0.008   0.103   0.007   0.008   0.015   0.093   0.142   0.014   0.910   0.617   0.082   0.125   0.008   0.139   0.660   0.032 
G:   0.061   0.082   0.048   0.057   0.179   0.928   0.145   0.051   0.048   0.057   0.179   0.928   0.808   0.749   0.111   0.178   0.075   0.963   0.057   0.179   0.928   0.808   0.749   0.111   0.138   0.029   0.161   0.178   0.075   0.963   0.162   0.034   0.035 
T:   0.126   0.057   0.072   0.480   0.012   0.054   0.030   0.134   0.091   0.480   0.012   0.054   0.042   0.043   0.192   0.167   0.320   0.019   0.480   0.012   0.054   0.042   0.043   0.192   0.035   0.028   0.200   0.167   0.320   0.019   0.026   0.114   0.030 
PRDM9-R
A:   0.361   0.803   0.010   0.812   0.034   0.021   0.600   0.228   0.649   0.600   0.228   0.649   0.638   0.804   0.818   0.771   0.048   0.060   0.521   0.265   0.279   0.771   0.048   0.060   0.521   0.265   0.279   0.031   0.123   0.030   0.361   0.803   0.010   0.447   0.395   0.142   0.447   0.395   0.142   0.539   0.922   0.058   0.539   0.922   0.058   0.096   0.088   0.098   0.600   0.228   0.649   0.096   0.088   0.098   0.447   0.395   0.142   0.638   0.804   0.818 
C:   0.103   0.007   0.008   0.014   0.910   0.617   0.155   0.627   0.072   0.155   0.627   0.072   0.175   0.057   0.062   0.063   0.840   0.303   0.131   0.272   0.183   0.063   0.840   0.303   0.131   0.272   0.183   0.002   0.501   0.196   0.103   0.007   0.008   0.107   0.225   0.180   0.107   0.225   0.180   0.114   0.010   0.197   0.114   0.010   0.197   0.021   0.090   0.560   0.155   0.627   0.072   0.021   0.090   0.560   0.107   0.225   0.180   0.175   0.057   0.062 
G:   0.057   0.179   0.928   0.138   0.029   0.161   0.159   0.056   0.056   0.159   0.056   0.056   0.061   0.082   0.048   0.086   0.068   0.254   0.148   0.227   0.229   0.086   0.068   0.254   0.148   0.227   0.229   0.950   0.046   0.022   0.057   0.179   0.928   0.133   0.191   0.247   0.133   0.191   0.247   0.104   0.051   0.176   0.104   0.051   0.176   0.842   0.740   0.114   0.159   0.056   0.056   0.842   0.740   0.114   0.133   0.191   0.247   0.061   0.082   0.048 
T:   0.480   0.012   0.054   0.035   0.028   0.200   0.087   0.089   0.223   0.087   0.089   0.223   0.126   0.057   0.072   0.080   0.044   0.383   0.201   0.237   0.309   0.080   0.044   0.383   0.201   0.237   0.309   0.018   0.329   0.752   0.480   0.012   0.054   0.314   0.189   0.431   0.314   0.189   0.431   0.244   0.018   0.569   0.244   0.018   0.569   0.040   0.082   0.227   0.087   0.089   0.223   0.040   0.082   0.227   0.314   0.189   0.431   0.126   0.057   0.072 
PRDM9-S
A:   0.638   0.804   0.818   0.691   0.226   0.775   0.361   0.803   0.010   0.135   0.115   0.555   0.573   0.480   0.009   0.691   0.226   0.775   0.573   0.480   0.009   0.135   0.115   0.555   0.598   0.215   0.046   0.573   0.480   0.009   0.135   0.115   0.555   0.638   0.804   0.818 
C:   0.175   0.057   0.062   0.134   0.589   0.086   0.103   0.007   0.008   0.015   0.093   0.142   0.082   0.125   0.008   0.134   0.589   0.086   0.082   0.125   0.008   0.015   0.093   0.142   0.081   0.638   0.772   0.082   0.125   0.008   0.015   0.093   0.142   0.175   0.057   0.062 
G:   0.061   0.082   0.048   0.145   0.051   0.048   0.057   0.179   0.928   0.808   0.749   0.111   0.178   0.075   0.963   0.145   0.051   0.048   0.178   0.075   0.963   0.808   0.749   0.111   0.256   0.039   0.046   0.178   0.075   0.963   0.808   0.749   0.111   0.061   0.082   0.048 
T:   0.126   0.057   0.072   0.030   0.134   0.091   0.480   0.012   0.054   0.042   0.043   0.192   0.167   0.320   0.019   0.030   0.134   0.091   0.167   0.320   0.019   0.042   0.043   0.192   0.065   0.109   0.136   0.167   0.320   0.019   0.042   0.043   0.192   0.126   0.057   0.072 
PRDM9-T
A:   0.361   0.803   0.010   0.812   0.034   0.021   0.638   0.804   0.818   0.529   0.254   0.467   0.638   0.804   0.818   0.529   0.254   0.467   0.638   0.804   0.818   0.529   0.254   0.467   0.638   0.804   0.818   0.600   0.228   0.649   0.096   0.088   0.098   0.361   0.803   0.010   0.447   0.395   0.142   0.600   0.228   0.649   0.573   0.480   0.009   0.598   0.215   0.046   0.638   0.804   0.818 
C:   0.103   0.007   0.008   0.014   0.910   0.617   0.175   0.057   0.062   0.147   0.566   0.067   0.175   0.057   0.062   0.147   0.566   0.067   0.175   0.057   0.062   0.147   0.566   0.067   0.175   0.057   0.062   0.155   0.627   0.072   0.021   0.090   0.560   0.103   0.007   0.008   0.107   0.225   0.180   0.155   0.627   0.072   0.082   0.125   0.008   0.081   0.638   0.772   0.175   0.057   0.062 
G:   0.057   0.179   0.928   0.138   0.029   0.161   0.061   0.082   0.048   0.119   0.059   0.308   0.061   0.082   0.048   0.119   0.059   0.308   0.061   0.082   0.048   0.119   0.059   0.308   0.061   0.082   0.048   0.159   0.056   0.056   0.842   0.740   0.114   0.057   0.179   0.928   0.133   0.191   0.247   0.159   0.056   0.056   0.178   0.075   0.963   0.256   0.039   0.046   0.061   0.082   0.048 
T:   0.480   0.012   0.054   0.035   0.028   0.200   0.126   0.057   0.072   0.205   0.122   0.159   0.126   0.057   0.072   0.205   0.122   0.159   0.126   0.057   0.072   0.205   0.122   0.159   0.126   0.057   0.072   0.087   0.089   0.223   0.040   0.082   0.227   0.480   0.012   0.054   0.314   0.189   0.431   0.087   0.089   0.223   0.167   0.320   0.019   0.065   0.109   0.136   0.126   0.057   0.072 
PRDM9-U
A:   0.598   0.215   0.046   0.672   0.192   0.903   0.598   0.215   0.046   0.135   0.115   0.555   0.598   0.215   0.046   0.135   0.115   0.555   0.598   0.215   0.046   0.573   0.480   0.009   0.135   0.115   0.555   0.598   0.215   0.046   0.573   0.480   0.009   0.522   0.274   0.149   0.600   0.228   0.649   0.672   0.192   0.903   0.573   0.480   0.009   0.638   0.804   0.818   0.600   0.228   0.649   0.672   0.192   0.903 
C:   0.081   0.638   0.772   0.139   0.660   0.032   0.081   0.638   0.772   0.015   0.093   0.142   0.081   0.638   0.772   0.015   0.093   0.142   0.081   0.638   0.772   0.082   0.125   0.008   0.015   0.093   0.142   0.081   0.638   0.772   0.082   0.125   0.008   0.132   0.323   0.615   0.155   0.627   0.072   0.139   0.660   0.032   0.082   0.125   0.008   0.175   0.057   0.062   0.155   0.627   0.072   0.139   0.660   0.032 
G:   0.256   0.039   0.046   0.162   0.034   0.035   0.256   0.039   0.046   0.808   0.749   0.111   0.256   0.039   0.046   0.808   0.749   0.111   0.256   0.039   0.046   0.178   0.075   0.963   0.808   0.749   0.111   0.256   0.039   0.046   0.178   0.075   0.963   0.215   0.251   0.101   0.159   0.056   0.056   0.162   0.034   0.035   0.178   0.075   0.963   0.061   0.082   0.048   0.159   0.056   0.056   0.162   0.034   0.035 
T:   0.065   0.109   0.136   0.026   0.114   0.030   0.065   0.109   0.136   0.042   0.043   0.192   0.065   0.109   0.136   0.042   0.043   0.192   0.065   0.109   0.136   0.167   0.320   0.019   0.042   0.043   0.192   0.065   0.109   0.136   0.167   0.320   0.019   0.130   0.151   0.135   0.087   0.089   0.223   0.026   0.114   0.030   0.167   0.320   0.019   0.126   0.057   0.072   0.087   0.089   0.223   0.026   0.114   0.030 
PRDM9-V
A:   0.361   0.803   0.010   0.812   0.034   0.021   0.447   0.395   0.142   0.361   0.803   0.010   0.361   0.803   0.010   0.361   0.803   0.010   0.812   0.034   0.021   0.447   0.395   0.142   0.361   0.803   0.010   0.031   0.123   0.030   0.447   0.395   0.142   0.539   0.922   0.058   0.447   0.395   0.142   0.539   0.922   0.058   0.447   0.395   0.142   0.361   0.803   0.010   0.361   0.803   0.010   0.031   0.123   0.030   0.812   0.034   0.021   0.447   0.395   0.142   0.539   0.922   0.058   0.096   0.088   0.098   0.833   0.130   0.064   0.638   0.804   0.818 
C:   0.103   0.007   0.008   0.014   0.910   0.617   0.107   0.225   0.180   0.103   0.007   0.008   0.103   0.007   0.008   0.103   0.007   0.008   0.014   0.910   0.617   0.107   0.225   0.180   0.103   0.007   0.008   0.002   0.501   0.196   0.107   0.225   0.180   0.114   0.010   0.197   0.107   0.225   0.180   0.114   0.010   0.197   0.107   0.225   0.180   0.103   0.007   0.008   0.103   0.007   0.008   0.002   0.501   0.196   0.014   0.910   0.617   0.107   0.225   0.180   0.114   0.010   0.197   0.021   0.090   0.560   0.010   0.724   0.152   0.175   0.057   0.062 
G:   0.057   0.179   0.928   0.138   0.029   0.161   0.133   0.191   0.247   0.057   0.179   0.928   0.057   0.179   0.928   0.057   0.179   0.928   0.138   0.029   0.161   0.133   0.191   0.247   0.057   0.179   0.928   0.950   0.046   0.022   0.133   0.191   0.247   0.104   0.051   0.176   0.133   0.191   0.247   0.104   0.051   0.176   0.133   0.191   0.247   0.057   0.179   0.928   0.057   0.179   0.928   0.950   0.046   0.022   0.138   0.029   0.161   0.133   0.191   0.247   0.104   0.051   0.176   0.842   0.740   0.114   0.083   0.017   0.278   0.061   0.082   0.048 
T:   0.480   0.012   0.054   0.035   0.028   0.200   0.314   0.189   0.431   0.480   0.012   0.054   0.480   0.012   0.054   0.480   0.012   0.054   0.035   0.028   0.200   0.314   0.189   0.431   0.480   0.012   0.054   0.018   0.329   0.752   0.314   0.189   0.431   0.244   0.018   0.569   0.314   0.189   0.431   0.244   0.018   0.569   0.314   0.189   0.431   0.480   0.012   0.054   0.480   0.012   0.054   0.018   0.329   0.752   0.035   0.028   0.200   0.314   0.189   0.431   0.244   0.018   0.569   0.040   0.082   0.227   0.073   0.129   0.506   0.126   0.057   0.072 
Shared-11ZF
A:	0.447	0.395	0.142	0.539	0.922	0.058	0.096	0.088	0.098	0.539	0.922	0.058	0.539	0.922	0.058	0.539	0.922	0.058	0.539	0.922	0.058	0.096	0.088	0.098	0.573	0.48	0.009	0.031	0.123	0.03	0.638	0.804	0.818
C:	0.107	0.225	0.18	0.114	0.01	0.197	0.021	0.09	0.56	0.114	0.01	0.197	0.114	0.01	0.197	0.114	0.01	0.197	0.114	0.01	0.197	0.021	0.09	0.56	0.082	0.125	0.008	0.002	0.501	0.196	0.175	0.057	0.062
G:	0.133	0.191	0.247	0.104	0.051	0.176	0.842	0.74	0.114	0.104	0.051	0.176	0.104	0.051	0.176	0.104	0.051	0.176	0.104	0.051	0.176	0.842	0.74	0.114	0.178	0.075	0.963	0.95	0.046	0.022	0.061	0.082	0.048
T:	0.314	0.189	0.431	0.244	0.018	0.569	0.04	0.082	0.227	0.244	0.018	0.569	0.244	0.018	0.569	0.244	0.018	0.569	0.244	0.018	0.569	0.04	0.082	0.227	0.167	0.32	0.019	0.018	0.329	0.752	0.126	0.057	0.072